1,10,0.001,1,1,3,1,2,3
2,10,0.001,1,2,3,1,2,3
3,10,0.001,1,3,3,1,2,3
4,10,0.001,1,5,3,1,2,3
5,10,0.001,1,10,3,1,2,3
6,10,0.001,1,25,3,1,2,3
7,10,0.001,1,50,3,1,2,3
8,10,0.001,1,100,3,1,2,3
17,10,0.001,1,1,4,1,2,3,7
18,10,0.001,1,2,4,1,2,3,7
19,10,0.001,1,3,4,1,2,3,7
20,10,0.001,1,5,4,1,2,3,7
21,10,0.001,1,10,4,1,2,3,7
22,10,0.001,1,25,4,1,2,3,7
23,10,0.001,1,50,4,1,2,3,7
24,10,0.001,1,100,4,1,2,3,7
33,10,0.001,1,1,5,1,2,3,6,7
34,10,0.001,1,2,5,1,2,3,6,7
35,10,0.001,1,3,5,1,2,3,6,7
36,10,0.001,1,5,5,1,2,3,6,7
37,10,0.001,1,10,5,1,2,3,6,7
38,10,0.001,1,25,5,1,2,3,6,7
39,10,0.001,1,50,5,1,2,3,6,7
40,10,0.001,1,100,5,1,2,3,6,7
49,10,0.001,1,1,8,1,2,3,4,5,6,7,8
50,10,0.001,1,2,8,1,2,3,4,5,6,7,8
51,10,0.001,1,3,8,1,2,3,4,5,6,7,8
52,10,0.001,1,5,8,1,2,3,4,5,6,7,8
53,10,0.001,1,10,8,1,2,3,4,5,6,7,8
54,10,0.001,1,25,8,1,2,3,4,5,6,7,8
55,10,0.001,1,50,8,1,2,3,4,5,6,7,8
56,10,0.001,1,100,8,1,2,3,4,5,6,7,8
65,10,0.001,1,1,29,9,10,11,12,13,14,15,16,17,18,19,20,21,22,23,24,25,26,27,28,29,30,31,32,33,34,35,36,37
66,10,0.001,1,2,29,9,10,11,12,13,14,15,16,17,18,19,20,21,22,23,24,25,26,27,28,29,30,31,32,33,34,35,36,37
67,10,0.001,1,3,29,9,10,11,12,13,14,15,16,17,18,19,20,21,22,23,24,25,26,27,28,29,30,31,32,33,34,35,36,37
68,10,0.001,1,5,29,9,10,11,12,13,14,15,16,17,18,19,20,21,22,23,24,25,26,27,28,29,30,31,32,33,34,35,36,37
69,10,0.001,1,10,29,9,10,11,12,13,14,15,16,17,18,19,20,21,22,23,24,25,26,27,28,29,30,31,32,33,34,35,36,37
70,10,0.001,1,25,29,9,10,11,12,13,14,15,16,17,18,19,20,21,22,23,24,25,26,27,28,29,30,31,32,33,34,35,36,37
71,10,0.001,1,50,29,9,10,11,12,13,14,15,16,17,18,19,20,21,22,23,24,25,26,27,28,29,30,31,32,33,34,35,36,37
72,10,0.001,1,100,29,9,10,11,12,13,14,15,16,17,18,19,20,21,22,23,24,25,26,27,28,29,30,31,32,33,34,35,36,37
81,10,0.001,1,1,37,1,2,3,4,5,6,7,8,9,10,11,12,13,14,15,16,17,18,19,20,21,22,23,24,25,26,27,28,29,30,31,32,33,34,35,36,37
82,10,0.001,1,2,37,1,2,3,4,5,6,7,8,9,10,11,12,13,14,15,16,17,18,19,20,21,22,23,24,25,26,27,28,29,30,31,32,33,34,35,36,37
83,10,0.001,1,3,37,1,2,3,4,5,6,7,8,9,10,11,12,13,14,15,16,17,18,19,20,21,22,23,24,25,26,27,28,29,30,31,32,33,34,35,36,37
84,10,0.001,1,5,37,1,2,3,4,5,6,7,8,9,10,11,12,13,14,15,16,17,18,19,20,21,22,23,24,25,26,27,28,29,30,31,32,33,34,35,36,37
85,10,0.001,1,10,37,1,2,3,4,5,6,7,8,9,10,11,12,13,14,15,16,17,18,19,20,21,22,23,24,25,26,27,28,29,30,31,32,33,34,35,36,37
86,10,0.001,1,25,37,1,2,3,4,5,6,7,8,9,10,11,12,13,14,15,16,17,18,19,20,21,22,23,24,25,26,27,28,29,30,31,32,33,34,35,36,37
87,10,0.001,1,50,37,1,2,3,4,5,6,7,8,9,10,11,12,13,14,15,16,17,18,19,20,21,22,23,24,25,26,27,28,29,30,31,32,33,34,35,36,37
88,10,0.001,1,100,37,1,2,3,4,5,6,7,8,9,10,11,12,13,14,15,16,17,18,19,20,21,22,23,24,25,26,27,28,29,30,31,32,33,34,35,36,37
